/*
// These levels need to be reworked
// less puzzle more action

        ), LevelInfo (
            level: [[
    [0, 0, 3, 0, 0 ],
    [0, 0, 0, 0, 0 ],
    [0, 0, 0, 0, 0 ],
    [0, 0, 0, 0, 0 ],
    [0, 0, 0, 0, 0 ],
    [0, 0, 0, 0, 0 ],
    [0, 0, 0, 0, 0 ],
    [0, 0, 0, 0, 0 ],
    [0, 0, 0, 0, 0 ],
    [0, 0, 0, 0, 0 ],
    [0, 0, 0, 0, 0 ],
    [0, 0, 0, 0, 0 ],
    [0, 0, 0, 0, 0 ],
    [0, 0, 0, 0, 0 ],
    [0, 0, 0, 0, 0 ],
    [0, 0, 0, 0, 0 ],
    [0, 0, 0, 0, 0 ],
    [0, 0, 0, 0, 0 ],
    [0, 0, 0, 0, 0 ],
    [1, 1, 1, 1, 1 ],
    [0, 0, 0, 0, 0 ],
    [0, 0, 0, 0, 0 ],
], [
    [0, 0, 0, 0, 0 ],
    [0, 0, 0, 0, 0 ],
    [0, 0, 0, 0, 0 ],
    [0, 0, 0, 0, 0 ],
    [0, 0, 0, 0, 0 ],
    [0, 0, 0, 0, 0 ],
    [0, 0, 0, 0, 0 ],
    [0, 0, 0, 0, 0 ],
    [0, 0, 0, 0, 0 ],
    [0, 0, 0, 0, 0 ],
    [1, 1, 1, 1, 1 ],
    [0, 0, 0, 0, 6 ],
    [0, 0, 0, 0, 0 ],
    [0, 0, 0, 0, 0 ],
    [0, 0, 0, 0, 0 ],
    [0, 0, 0, 0, 0 ],
    [0, 0, 0, 0, 0 ],
    [0, 0, 0, 0, 0 ],
    [0, 0, 0, 0, 0 ],
    [1, 1, 2, 1, 1 ],
    [0, 0, 0, 0, 0 ],
    [0, 0, 0, 0, 0 ],
], [
    [1, 1, 0, 1, 1 ],
    [0, 0, 0, 0, 0 ],
    [0, 0, 0, 0, 0 ],
    [0, 0, 0, 0, 0 ],
    [0, 0, 0, 0, 0 ],
    [0, 0, 0, 0, 0 ],
    [0, 0, 0, 0, 0 ],
    [0, 0, 0, 0, 0 ],
    [0, 0, 0, 0, 0 ],
    [0, 0, 0, 0, 0 ],
    [1, 1, 1, 1, 1 ],
    [0, 0, 0, 0, 1 ],
    [0, 0, 0, 0, 0 ],
    [0, 0, 0, 0, 0 ],
    [0, 0, 0, 0, 0 ],
    [0, 0, 0, 0, 0 ],
    [0, 0, 0, 0, 0 ],
    [0, 0, 0, 0, 0 ],
    [0, 0, 0, 0, 0 ],
    [1, 1, 2, 1, 1 ],
    [0, 0, 0, 0, 0 ],
    [0, 0, 0, 0, 0 ],
], [
    [1, 1, 0, 1, 1 ],
    [2, 0, 0, 0, 2 ],
    [2, 0, 0, 0, 2 ],
    [0, 0, 0, 0, 0 ],
    [0, 0, 0, 0, 0 ],
    [0, 0, 0, 0, 0 ],
    [0, 0, 0, 0, 0 ],
    [0, 0, 0, 0, 0 ],
    [1, 1, 1, 1, 1 ],
    [1, 1, 1, 1, 1 ],
    [1, 1, 1, 1, 1 ],
    [2, 0, 0, 0, 2 ],
    [0, 0, 0, 0, 0 ],
    [0, 0, 0, 0, 0 ],
    [0, 0, 0, 0, 0 ],
    [0, 0, 0, 0, 0 ],
    [0, 0, 0, 0, 0 ],
    [0, 0, 0, 0, 0 ],
    [0, 0, 0, 0, 0 ],
    [1, 1, 2, 1, 1 ],
    [0, 0, 0, 0, 0 ],
    [0, 0, 4, 0, 0 ],
], [
    [1, 1, 0, 1, 1 ],
    [2, 0, 0, 0, 2 ],
    [2, 0, 0, 0, 2 ],
    [0, 0, 0, 0, 0 ],
    [0, 0, 0, 0, 0 ],
    [0, 0, 0, 0, 0 ],
    [1, 1, 1, 1, 1 ],
    [1, 1, 1, 1, 1 ],
    [0, 0, 0, 0, 0 ],
    [0, 0, 0, 0, 0 ],
    [1, 1, 1, 1, 1 ],
    [2, 0, 0, 0, 2 ],
    [0, 0, 0, 0, 0 ],
    [0, 0, 0, 0, 0 ],
    [0, 0, 0, 0, 0 ],
    [0, 0, 0, 0, 0 ],
    [1, 1, 1, 1, 1 ],
    [1, 1, 1, 1, 1 ],
    [1, 1, 1, 1, 1 ],
    [1, 1, 1, 1, 1 ],
    [1, 1, 1, 1, 1 ],
    [1, 1, 1, 1, 1 ],
], [
    [1, 1, 0, 1, 1 ],
    [2, 0, 0, 0, 2 ],
    [2, 0, 0, 0, 2 ],
    [0, 0, 0, 0, 0 ],
    [0, 0, 0, 0, 0 ],
    [1, 1, 1, 1, 1 ],
    [0, 0, 0, 0, 0 ],
    [0, 0, 0, 0, 0 ],
    [0, 0, 0, 0, 0 ],
    [0, 0, 0, 0, 0 ],
    [1, 1, 1, 1, 1 ],
    [2, 0, 0, 0, 2 ],
    [0, 0, 0, 0, 0 ],
    [0, 0, 0, 0, 0 ],
    [0, 0, 0, 0, 0 ],
    [0, 0, 0, 0, 0 ],
    [1, 1, 1, 1, 1 ],
    [0, 0, 0, 0, 0 ],
    [0, 0, 0, 0, 0 ],
    [0, 0, 0, 0, 0 ],
    [1, 1, 1, 1, 1 ],
    [1, 1, 1, 1, 1 ],
], [
    [1, 1, 1, 1, 1 ],
    [1, 1, 1, 1, 1 ],
    [1, 1, 1, 1, 1 ],
    [1, 1, 1, 1, 1 ],
    [1, 1, 1, 1, 1 ],
    [0, 0, 0, 0, 0 ],
    [0, 0, 0, 0, 0 ],
    [0, 0, 0, 0, 0 ],
    [0, 0, 0, 0, 0 ],
    [0, 0, 0, 0, 0 ],
    [1, 1, 1, 1, 1 ],
    [1, 1, 1, 1, 1 ],
    [1, 1, 1, 1, 1 ],
    [1, 1, 1, 1, 1 ],
    [1, 1, 1, 1, 1 ],
    [1, 1, 1, 1, 1 ],
    [0, 0, 0, 0, 0 ],
    [0, 0, 0, 0, 0 ],
    [0, 0, 0, 0, 0 ],
    [0, 0, 0, 0, 0 ],
    [0, 0, 0, 0, 0 ],
    [1, 1, 1, 1, 1 ],
],
            ],
            is_food_random: false,
            minimum_food: 1,
            snake_speed: None,
            snake_target: None,
            camera_x: -6.8375087,
            camera_y: 7.8081317,
            camera_z: 2.028271,
            camera_rotation_x: -0.22666916,
            camera_rotation_y: -0.94707876,
            camera_rotation_z: -0.22729467,
            camera_rotation_angle: 1.627894,
            camera_behaviors: [ FollowX ],
//          camera_behaviors: [ Static ],
            camera_cull_x: Some((-4.0, 22.0)),
            camera_cull_y: None,
            camera_cull_z: None,
            palette: Some(Palette (
                base:     "01295F",
                ground_1: "463c5e",
                ground_2: "84A9C0", //"444774",
                dude:     "f3a787",
                enemy:    "ff4f69",
                block:    "488286",//"85daeb",
                flag:     "fdfe89",
                food:     "fdfe89",
            )),


        ), LevelInfo (
            level: [[
    [0, 0, 0, 0, 0, 0],
    [0, 0, 3, 0, 0, 0],
    [0, 0, 0, 0, 0, 0],
    [0, 0, 0, 0, 0, 0],
    [0, 0, 0, 0, 0, 0],
], [
    [0, 0, 0, 0, 0, 0],
    [0, 0, 1, 1, 0, 0],
    [0, 0, 1, 0, 0, 0],
    [0, 0, 0, 0, 0, 0],
    [0, 0, 0, 0, 0, 0],
], [
    [0, 0, 6, 6, 0, 0],
    [0, 0, 1, 1, 0, 0],
    [0, 0, 1, 1, 0, 0],
    [0, 0, 1, 1, 0, 0],
    [0, 0, 1, 1, 0, 0],
], [
    [0, 0, 0, 0, 0, 0],
    [0, 0, 0, 0, 0, 0],
    [0, 6, 0, 0, 0, 0],
    [0, 0, 0, 0, 0, 0],
    [0, 1, 0, 0, 1, 0],
], [
    [0, 0, 0, 0, 0, 0],
    [0, 0, 0, 0, 0, 0],
    [0, 0, 0, 0, 0, 0],
    [0, 0, 0, 0, 0, 0],
    [1, 0, 0, 0, 0, 1],
], [
    [0, 0, 0, 0, 0, 0],
    [0, 0, 0, 0, 0, 0],
    [0, 0, 0, 0, 0, 0],
    [1, 0, 0, 0, 0, 1],
    [0, 0, 0, 0, 0, 0],
], [
    [0, 0, 0, 0, 0, 0],
    [6, 0, 0, 0, 0, 0],
    [1, 1, 1, 1, 1, 1],
    [0, 0, 0, 0, 0, 0],
    [0, 0, 0, 0, 0, 0],
], [
    [0, 0, 0, 0, 0, 0],
    [1, 0, 0, 0, 0, 1],
    [0, 0, 0, 0, 0, 0],
    [0, 0, 0, 0, 0, 0],
    [0, 0, 0, 0, 0, 0],
], [
    [1, 1, 0, 0, 0, 1],
    [0, 0, 0, 0, 0, 0],
    [0, 0, 0, 0, 0, 0],
    [0, 0, 0, 0, 0, 0],
    [0, 0, 0, 0, 0, 0],
], [
    [0, 1, 0, 0, 1, 0],
    [0, 0, 0, 0, 0, 0],
    [0, 0, 0, 0, 0, 0],
    [0, 0, 0, 0, 0, 0],
    [0, 0, 0, 0, 0, 0],
], [
    [0, 0, 1, 1, 0, 0],
    [0, 0, 1, 1, 0, 0],
    [0, 0, 1, 1, 0, 0],
    [0, 0, 1, 1, 0, 0],
    [0, 0, 1, 1, 0, 0],
], [
    [0, 0, 0, 0, 0, 0],
    [0, 0, 0, 0, 0, 0],
    [0, 0, 0, 0, 0, 0],
    [0, 0, 0, 0, 0, 0],
    [0, 1, 0, 0, 1, 0],
], [
    [0, 0, 0, 0, 0, 0],
    [0, 0, 0, 0, 0, 0],
    [0, 0, 0, 0, 0, 0],
    [0, 0, 0, 0, 0, 0],
    [1, 0, 0, 0, 0, 1],
], [
    [0, 0, 0, 0, 0, 0],
    [0, 0, 0, 0, 0, 0],
    [0, 0, 2, 2, 0, 0],
    [1, 0, 0, 0, 0, 1],
    [0, 0, 0, 0, 0, 0],
], [
    [0, 0, 0, 0, 0, 0],
    [6, 0, 0, 0, 0, 0],
    [1, 1, 1, 1, 1, 1],
    [0, 0, 0, 0, 0, 0],
    [0, 0, 0, 0, 0, 0],
], [
    [0, 0, 0, 0, 0, 0],
    [1, 0, 0, 0, 0, 1],
    [0, 0, 0, 0, 0, 0],
    [0, 0, 0, 0, 0, 0],
    [0, 0, 0, 0, 0, 0],
], [
    [1, 0, 0, 0, 0, 1],
    [0, 0, 0, 0, 0, 0],
    [0, 0, 0, 0, 0, 0],
    [0, 0, 0, 0, 0, 0],
    [0, 0, 0, 0, 0, 0],
], [
    [0, 1, 0, 0, 1, 0],
    [0, 0, 0, 0, 0, 0],
    [0, 0, 6, 6, 0, 0],
    [0, 0, 0, 0, 0, 0],
    [0, 0, 0, 0, 0, 0],
], [
    [0, 0, 1, 1, 0, 0],
    [0, 0, 1, 1, 0, 0],
    [0, 0, 1, 1, 0, 0],
    [0, 0, 1, 1, 0, 0],
    [0, 0, 1, 1, 0, 0],
], [
    [0, 0, 0, 0, 0, 0],
    [0, 0, 0, 0, 0, 0],
    [0, 0, 0, 0, 0, 0],
    [0, 0, 0, 0, 0, 0],
    [0, 1, 0, 0, 1, 0],
], [
    [0, 0, 0, 0, 0, 0],
    [0, 0, 0, 0, 0, 0],
    [0, 0, 0, 0, 0, 0],
    [0, 0, 0, 0, 0, 0],
    [1, 0, 0, 0, 0, 1],
], [
    [0, 0, 0, 0, 0, 0],
    [0, 0, 0, 0, 0, 0],
    [0, 0, 6, 6, 0, 0],
    [1, 0, 0, 0, 0, 1],
    [0, 0, 0, 0, 0, 0],
], [
    [0, 0, 0, 0, 0, 0],
    [0, 0, 0, 0, 0, 0],
    [1, 1, 1, 1, 1, 1],
    [0, 0, 0, 0, 0, 0],
    [0, 0, 0, 0, 0, 0],
], [
    [0, 0, 0, 0, 0, 0],
    [1, 0, 0, 0, 0, 1],
    [0, 0, 0, 0, 0, 0],
    [0, 0, 0, 0, 0, 0],
    [0, 0, 0, 0, 0, 0],
], [
    [1, 6, 0, 0, 6, 1],
    [1, 0, 0, 0, 0, 1],
    [0, 0, 0, 0, 0, 0],
    [0, 0, 0, 0, 0, 0],
    [0, 0, 0, 0, 0, 0],
], [
    [1, 1, 0, 0, 1, 1],
    [1, 0, 0, 0, 0, 1],
    [0, 0, 0, 0, 0, 0],
    [0, 0, 0, 0, 0, 0],
    [0, 0, 0, 0, 0, 0],
], [
    [1, 1, 1, 1, 1, 1],
    [1, 0, 0, 0, 0, 1],
    [0, 0, 0, 0, 0, 0],
    [0, 0, 0, 0, 0, 0],
    [0, 0, 4, 0, 0, 0],
], [
    [1, 1, 1, 1, 1, 1],
    [1, 1, 1, 1, 1, 1],
    [1, 1, 1, 1, 1, 1],
    [1, 1, 1, 1, 1, 1],
    [1, 1, 1, 1, 1, 1],
],
            ],
            is_food_random: false,
            minimum_food: 8,
            snake_speed: None,
            snake_target: None,
            camera_x: -5.040333,
            camera_y: 6.9995894,
            camera_z: 2.4517808,
            camera_rotation_x: -0.26820025,
            camera_rotation_y: -0.92558885,
            camera_rotation_z: -0.2671214,
            camera_rotation_angle: 1.6440253,
            camera_behaviors: [ FollowY(6.0) ],
            camera_cull_x: None,
            camera_cull_y: None,
            camera_cull_z: None,
            palette: Some(Palette (
                base:     "5E6472",
                ground_1: "463c5e",
                ground_2: "273043", 
                dude:     "f3a787",
                enemy:    "ff4f69",
                block:    "AED9E0",
                flag:     "fdfe89",
                food:     "fdfe89",
            )),
*/
